744
744
744
728
744
736
728
704
712
736
744
752
728
760
760
768
760
728
736
744
736
704
720
728
736
744
720
744
744
752
736
736
744
744
712
720
720
720
712
696
704
704
712
728
712
744
752
768
752
728
752
760
744
752
712
712
712
728
728
712
728
728
728
728
720
744
752
760
744
752
760
760
760
720
760
744
752
712
728
728
736
752
744
784
784
792
768
776
784
776
728
760
744
760
744
768
760
752
720
736
720
720
704
704
736
752
760
776
776
768
736
744
744
744
744
712
728
720
712
712
744
752
768
744
752
752
736
728
744
768
760
752
760
768
760
744
752
744
752
736
720
728
728
720
728
752
760
736
736
744
744
744
712
736
720
728
712
712
736
752
736
744
768
776
760
728
720
704
680
672
672
672
696
720
720
744
760
776
752
768
744
704
696
688
696
704
688
704
728
744
728
744
744
744
736
752
744
736
712
728
736
752
744
752
776
768
736
728
728
728
712
696
688
704
712
736
712
728
744
744
728
696
704
696
704
712
704
728
752
760
768
768
776
776
760
768
752
752
728
736
744
728
712
720
720
712
688
696
688
680
680
672
680
672
672
648
664
664
672
664
704
704
696
704
728
728
768
784
760
776
776
784
744
760
760
760
720
728
728
744
736
752
776
792
760
768
792
800
800
776
744
760
760
760
728
736
752
736
728
712
736
728
720
704
704
736
744
768
760
784
776
744
728
744
736
736
720
720
728
752
752
736
720
736
752
752
752
736
744
744
744
704
704
720
712
728
704
720
744
736
704
696
712
712
720
728
720
704
728
736
736
728
712
728
728
720
712
736
736
744
712
736
736
744
720
736
744
728
712
704
720
720
728
704
688
664
680
712
712
712
736
744
744
736
736
744
752
736
752
736
720
712
720
704
720
728
728
728
728
720
720
720
712
688
704
696
696
696
680
688
696
688
688
704
656
704
656
672
648
632
632
632
624
608
600
600
600
608
600
616
624
640
664
696
768
752
760
752
752
712
720
704
696
672
656
648
640
624
624
616
608
600
592
624
680
744
800
824
832
816
824
824
832
824
800
816
808
784
760
776
768
760
760
736
744
744
744
736
728
712
728
720
728
728
720
704
704
704
704
704
704
704
704
696
704
688
696
704
712
728
736
736
712
712
712
704
720
728
736
736
728
720
736
720
728
736
728
712
704
720
720
720
720
736
720
704
696
704
720
728
720
704
712
712
720
712
696
704
712
704
704
688
688
672
672
696
688
680
680
680
680
688
672
672
680
688
688
696
696
696
712
712
712
712
704
696
696
688
664
672
680
672
688
680
696
712
728
728
704
720
712
712
704
696
688
680
696
696
696
688
680
696
688
696
696
696
680
696
704
712
720
720
720
720
704
680
688
688
688
688
696
712
720
712
712
736
744
744
712
712
712
712
712
704
672
672
680
672
680
680
688
680
704